347 2533
0 47
0 52
0 53
0 72
0 87
0 91
0 118
0 125
0 132
0 193
0 235
0 279
0 298
0 314
0 321
0 345
1 19
1 114
1 115
1 148
1 225
1 311
1 325
1 332
1 342
2 8
2 24
2 25
2 66
2 71
2 84
2 121
2 141
2 169
2 187
2 199
2 227
2 273
2 279
2 282
2 322
3 77
3 151
3 180
3 194
3 217
3 272
3 274
3 305
3 327
4 86
4 121
4 155
4 157
4 168
4 179
4 186
4 203
4 212
4 234
4 314
4 315
5 88
5 94
5 146
5 218
5 318
6 21
6 30
6 37
6 64
6 86
6 102
6 128
6 135
6 167
6 212
6 245
6 290
6 303
6 307
6 314
6 321
6 338
6 339
6 346
7 90
7 109
7 192
7 200
7 244
7 258
7 263
8 2
8 20
8 24
8 25
8 29
8 55
8 65
8 66
8 68
8 71
8 74
8 78
8 84
8 104
8 112
8 118
8 121
8 127
8 132
8 133
8 140
8 141
8 147
8 155
8 160
8 168
8 169
8 175
8 184
8 185
8 187
8 198
8 199
8 202
8 223
8 230
8 231
8 251
8 257
8 270
8 271
8 275
8 276
8 279
8 284
8 290
8 294
8 296
8 303
8 314
8 321
8 322
8 328
8 333
8 340
8 341
9 66
9 141
9 168
9 199
9 276
9 284
9 290
9 322
9 331
10 7
11 10
12 20
12 25
12 55
12 58
12 64
12 66
12 81
12 97
12 108
12 117
12 118
12 147
12 171
12 187
12 198
12 210
12 222
12 235
12 237
12 238
12 251
12 260
12 264
12 270
12 276
12 303
12 312
12 324
12 331
12 341
13 19
13 27
13 40
13 114
13 115
13 143
13 148
13 150
13 213
13 225
13 309
13 311
13 325
13 342
14 15
15 28
15 81
15 117
15 171
15 260
15 328
15 330
15 331
16 18
16 40
16 110
16 114
16 115
16 136
16 139
16 143
16 213
16 309
16 311
16 325
17 18
18 16
18 40
18 88
18 111
18 114
18 137
18 173
18 174
18 213
18 226
18 288
18 292
18 311
18 318
18 342
19 1
19 13
19 40
19 43
19 110
19 114
19 148
19 161
19 213
19 225
19 311
19 325
19 332
19 342
20 8
20 12
20 24
20 25
20 30
20 38
20 39
20 54
20 55
20 65
20 66
20 87
20 97
20 103
20 104
20 107
20 108
20 118
20 120
20 121
20 122
20 126
20 133
20 135
20 141
20 158
20 160
20 164
20 168
20 169
20 183
20 185
20 187
20 196
20 199
20 202
20 211
20 222
20 231
20 234
20 235
20 238
20 247
20 250
20 251
20 270
20 271
20 273
20 276
20 279
20 280
20 283
20 296
20 303
20 307
20 312
20 314
20 321
20 322
20 324
20 331
20 333
20 341
20 344
21 6
21 86
21 157
21 167
21 184
21 276
21 307
21 323
21 338
21 346
22 50
22 60
22 82
22 98
22 115
22 123
22 143
22 154
22 174
22 189
22 226
22 229
22 236
22 239
22 244
22 266
23 52
23 56
23 79
23 91
23 93
23 100
23 179
23 186
23 193
23 241
23 248
23 265
23 298
23 301
23 345
24 2
24 8
24 20
24 25
24 30
24 38
24 39
24 50
24 55
24 64
24 66
24 68
24 71
24 72
24 75
24 78
24 82
24 83
24 87
24 93
24 97
24 102
24 103
24 104
24 112
24 118
24 121
24 129
24 140
24 147
24 157
24 168
24 169
24 175
24 184
24 185
24 187
24 198
24 199
24 202
24 220
24 223
24 230
24 231
24 235
24 236
24 238
24 245
24 251
24 256
24 269
24 270
24 271
24 275
24 276
24 279
24 282
24 284
24 287
24 289
24 290
24 296
24 321
24 322
24 324
24 330
24 331
24 335
25 2
25 8
25 12
25 20
25 24
25 39
25 54
25 55
25 61
25 65
25 66
25 68
25 71
25 78
25 97
25 103
25 108
25 112
25 117
25 118
25 121
25 122
25 127
25 132
25 133
25 140
25 141
25 157
25 160
25 168
25 169
25 171
25 175
25 184
25 185
25 187
25 198
25 199
25 202
25 211
25 222
25 223
25 231
25 235
25 238
25 247
25 251
25 256
25 264
25 270
25 275
25 276
25 279
25 284
25 290
25 294
25 296
25 297
25 303
25 307
25 312
25 314
25 321
25 322
25 324
25 331
25 333
26 53
26 118
26 323
26 328
27 13
27 40
27 114
27 115
27 139
27 143
27 148
27 150
27 225
27 309
27 311
27 325
28 15
28 39
28 81
28 105
28 117
28 171
28 202
28 210
28 230
28 246
28 251
28 337
29 8
29 47
29 55
29 72
29 177
29 187
29 199
29 212
29 223
29 235
29 270
29 302
29 303
29 321
29 328
29 330
30 6
30 20
30 24
30 50
30 66
30 82
30 83
30 108
30 121
30 128
30 141
30 167
30 199
30 236
30 251
30 276
30 279
30 290
30 303
30 307
30 337
30 338
31 92
31 136
31 166
31 309
31 336
32 41
33 172
34 142
35 107
35 126
35 134
35 183
35 196
35 250
35 280
35 283
35 308
35 319
35 36
37 6
37 116
37 140
37 177
37 247
37 321
37 331
37 338
38 20
38 24
38 68
38 104
38 118
38 120
38 140
38 160
38 164
38 199
38 256
38 276
38 279
38 312
39 20
39 24
39 25
39 28
39 55
39 66
39 71
39 76
39 112
39 131
39 132
39 140
39 141
39 157
39 168
39 171
39 198
39 199
39 202
39 211
39 212
39 223
39 230
39 231
39 238
39 256
39 257
39 264
39 270
39 271
39 273
39 276
39 279
39 297
39 303
39 306
39 314
39 316
39 321
39 324
39 328
39 331
39 333
40 13
40 16
40 18
40 19
40 27
40 43
40 92
40 110
40 114
40 115
40 136
40 139
40 143
40 150
40 213
40 225
40 229
40 242
40 309
40 311
40 325
40 336
40 342
41 32
41 42
43 19
43 40
43 110
43 311
43 342
44 66
44 103
44 121
44 131
44 141
44 185
44 199
44 220
44 302
44 321
44 344
45 142
45 174
45 176
45 277
46 300
47 0
47 29
47 52
47 53
47 56
47 72
47 79
47 87
47 118
47 125
47 129
47 179
47 198
47 202
47 270
47 298
47 301
47 319
47 321
47 329
47 331
48 191
48 240
48 254
49 108
49 112
49 118
49 145
49 147
49 202
49 276
49 313
49 330
49 333
50 22
50 24
50 30
50 82
50 83
50 236
51 191
52 0
52 23
52 47
52 53
52 87
52 91
52 93
52 100
52 129
52 145
52 179
52 190
52 193
52 195
52 203
52 212
52 241
52 247
52 248
52 253
52 259
52 265
52 298
52 301
52 314
52 316
52 321
52 329
52 331
52 345
53 0
53 26
53 47
53 52
53 118
53 312
53 328
54 20
54 25
54 55
54 66
54 103
54 121
54 122
54 169
54 184
54 185
54 199
54 202
54 238
54 251
54 260
54 276
55 8
55 12
55 20
55 24
55 25
55 29
55 39
55 54
55 58
55 59
55 61
55 62
55 65
55 66
55 71
55 74
55 81
55 87
55 97
55 102
55 103
55 108
55 112
55 117
55 118
55 121
55 127
55 131
55 133
55 135
55 140
55 141
55 160
55 168
55 169
55 171
55 184
55 185
55 187
55 198
55 199
55 202
55 206
55 210
55 211
55 212
55 220
55 221
55 222
55 230
55 231
55 237
55 238
55 251
55 260
55 264
55 270
55 271
55 275
55 276
55 284
55 289
55 290
55 296
55 297
55 302
55 303
55 312
55 314
55 321
55 322
55 324
55 330
55 331
55 333
55 340
55 341
56 23
56 47
56 79
56 91
56 107
56 183
56 203
56 212
56 241
56 248
56 276
56 301
56 319
56 345
57 106
57 170
57 268
58 12
58 55
58 81
58 97
58 117
58 171
58 185
58 202
58 210
58 237
58 238
58 249
58 251
58 260
58 267
58 270
58 324
58 341
59 55
59 157
59 238
59 284
59 290
59 312
59 321
60 22
60 192
61 25
61 55
61 66
61 95
61 97
61 121
61 129
61 132
61 140
61 141
61 160
61 169
61 185
61 198
61 199
61 222
61 223
61 235
61 238
61 260
61 275
61 317
61 321
61 322
61 340
62 55
62 260
62 270
62 312
62 341
63 99
63 118
63 149
63 170
63 188
63 216
64 6
64 12
64 24
64 81
64 117
64 202
64 251
64 260
64 296
64 313
64 338
65 8
65 20
65 25
65 55
65 66
65 112
65 121
65 133
65 141
65 238
65 251
65 303
65 307
65 333
66 2
66 8
66 9
66 12
66 20
66 24
66 25
66 30
66 39
66 44
66 54
66 55
66 61
66 65
66 68
66 71
66 74
66 78
66 81
66 97
66 103
66 108
66 112
66 117
66 118
66 121
66 122
66 127
66 133
66 135
66 140
66 141
66 155
66 157
66 160
66 168
66 169
66 184
66 185
66 187
66 195
66 198
66 199
66 202
66 211
66 212
66 222
66 223
66 235
66 238
66 247
66 251
66 260
66 264
66 270
66 271
66 276
66 279
66 284
66 289
66 296
66 302
66 303
66 307
66 312
66 314
66 321
66 322
66 323
66 324
66 331
66 333
66 341
66 343
66 344
67 98
67 142
67 174
67 176
67 224
67 226
67 262
67 295
68 8
68 24
68 25
68 38
68 66
68 104
68 120
68 235
68 303
69 229
70 229
70 306
71 2
71 8
71 24
71 25
71 39
71 55
71 66
71 112
71 131
71 140
71 164
71 171
71 198
71 199
71 211
71 231
71 238
71 251
71 270
71 271
71 290
71 297
71 328
72 0
72 24
72 29
72 47
72 87
72 125
72 129
72 298
72 330
73 74
74 8
74 55
74 66
74 84
74 169
74 187
74 199
74 257
74 271
74 273
74 303
74 321
74 322
75 24
75 269
76 39
76 116
76 230
76 293
76 331
77 3
77 180
77 194
77 217
77 272
77 274
77 305
77 327
78 8
78 24
78 25
78 66
78 118
78 184
78 187
78 199
78 251
78 270
78 271
79 23
79 47
79 56
79 87
79 91
79 93
79 100
79 172
79 179
79 186
79 193
79 203
79 212
79 241
79 248
79 265
79 298
79 299
79 314
79 319
79 329
79 345
80 268
80 285
81 12
81 15
81 28
81 55
81 58
81 64
81 66
81 83
81 97
81 117
81 118
81 120
81 122
81 147
81 157
81 168
81 169
81 171
81 198
81 202
81 210
81 221
81 230
81 237
81 251
81 260
81 267
81 270
81 312
81 313
81 317
81 324
81 330
82 22
82 24
82 30
82 50
82 83
82 236
83 24
83 30
83 50
83 81
83 82
83 223
83 235
83 236
83 264
83 275
83 303
83 312
84 2
84 8
84 74
84 155
84 169
84 175
84 187
84 257
84 270
84 271
84 273
84 321
84 322
85 174
85 176
85 224
85 226
85 277
86 4
86 6
86 21
86 135
86 160
86 212
86 245
86 290
86 307
86 314
86 321
86 338
87 0
87 20
87 24
87 47
87 52
87 55
87 72
87 79
87 105
87 125
87 129
87 163
87 177
87 185
87 235
87 241
87 302
87 321
87 335
88 5
88 18
88 94
88 146
88 218
88 318
88 326
89 178
90 7
90 109
90 192
90 200
90 244
90 258
90 263
91 0
91 23
91 52
91 56
91 79
91 93
91 100
91 179
91 186
91 193
91 195
91 203
91 241
91 248
91 253
91 265
91 298
91 301
91 329
91 345
92 31
92 40
92 110
92 136
92 166
92 309
92 336
93 23
93 24
93 52
93 79
93 91
93 100
93 179
93 186
93 193
93 203
93 241
93 248
93 253
93 265
93 298
93 299
93 301
93 314
93 319
93 329
93 345
94 5
94 88
94 146
94 318
94 326
95 61
95 132
95 189
95 212
95 223
95 273
95 313
95 322
96 181
96 229
97 12
97 20
97 24
97 25
97 55
97 58
97 61
97 66
97 81
97 102
97 103
97 108
97 112
97 117
97 118
97 121
97 122
97 127
97 140
97 147
97 169
97 171
97 185
97 198
97 199
97 202
97 210
97 222
97 237
97 238
97 251
97 257
97 260
97 264
97 270
97 271
97 275
97 276
97 279
97 284
97 290
97 303
97 312
97 314
97 324
97 330
97 331
97 341
98 22
98 67
98 101
98 130
98 142
98 174
98 176
98 224
98 226
98 262
98 277
98 295
99 63
99 118
99 149
99 162
99 188
99 216
99 268
99 322
100 23
100 52
100 79
100 91
100 93
100 179
100 186
100 193
100 203
100 241
100 248
100 253
100 265
100 298
100 301
100 316
100 329
100 345
101 98
101 174
101 226
101 262
101 295
102 6
102 24
102 55
102 97
102 135
102 168
102 171
102 184
102 199
102 210
102 251
102 270
102 284
102 322
102 338
103 20
103 24
103 25
103 44
103 54
103 55
103 66
103 97
103 108
103 112
103 121
103 122
103 127
103 141
103 168
103 185
103 187
103 199
103 202
103 211
103 238
103 251
103 270
103 276
103 294
103 302
103 317
103 321
103 324
103 331
103 343
104 8
104 20
104 24
104 38
104 68
104 118
104 147
104 235
104 256
104 271
104 276
104 279
104 314
105 28
105 87
105 168
105 230
105 237
105 328
105 331
106 57
106 170
107 20
107 35
107 56
107 126
107 158
107 183
107 196
107 250
107 271
107 280
107 283
107 319
108 12
108 20
108 25
108 30
108 49
108 55
108 66
108 97
108 103
108 117
108 118
108 121
108 141
108 147
108 157
108 168
108 185
108 199
108 202
108 228
108 238
108 251
108 270
108 276
108 284
108 294
108 296
108 302
108 303
108 313
108 321
108 322
108 323
108 324
108 330
108 331
109 7
109 90
109 258
109 263
110 16
110 19
110 40
110 43
110 92
110 136
110 213
110 278
110 309
110 311
110 325
110 336
110 342
111 18
111 173
112 8
112 24
112 25
112 39
112 49
112 55
112 65
112 66
112 71
112 97
112 103
112 118
112 120
112 121
112 131
112 133
112 141
112 147
112 157
112 164
112 168
112 171
112 185
112 187
112 198
112 199
112 202
112 238
112 251
112 260
112 270
112 276
112 284
112 290
112 303
112 312
112 324
112 333
112 341
113 114
114 1
114 13
114 16
114 18
114 19
114 27
114 40
114 115
114 136
114 139
114 143
114 148
114 191
114 213
114 219
114 225
114 261
114 311
114 325
114 342
115 1
115 13
115 16
115 22
115 27
115 40
115 114
115 139
115 143
115 148
115 161
115 213
115 225
115 311
115 325
115 342
116 37
116 76
116 230
116 279
116 284
117 12
117 15
117 25
117 28
117 55
117 58
117 64
117 66
117 81
117 97
117 108
117 133
117 160
117 171
117 198
117 199
117 202
117 210
117 221
117 237
117 238
117 251
117 260
117 264
117 267
117 270
117 276
117 282
117 303
117 312
117 321
117 323
117 324
117 330
117 341
118 0
118 8
118 12
118 20
118 24
118 25
118 26
118 38
118 47
118 49
118 53
118 55
118 63
118 66
118 78
118 81
118 97
118 99
118 104
118 108
118 112
118 121
118 124
118 127
118 131
118 145
118 147
118 149
118 162
118 169
118 170
118 175
118 184
118 187
118 188
118 198
118 199
118 202
118 207
118 216
118 228
118 238
118 247
118 251
118 260
118 268
118 270
118 276
118 279
118 284
118 296
118 312
118 317
118 322
118 323
118 324
118 328
118 330
118 331
118 338
118 341
119 135
119 246
119 276
120 20
120 38
120 68
120 81
120 112
120 164
120 168
120 205
120 235
120 279
120 314
121 2
121 4
121 8
121 20
121 24
121 25
121 30
121 44
121 54
121 55
121 61
121 65
121 66
121 97
121 103
121 108
121 112
121 118
121 122
121 127
121 135
121 140
121 141
121 155
121 160
121 168
121 169
121 175
121 185
121 187
121 199
121 202
121 212
121 223
121 231
121 234
121 235
121 238
121 247
121 250
121 251
121 260
121 270
121 271
121 273
121 275
121 276
121 279
121 280
121 283
121 284
121 296
121 302
121 303
121 314
121 321
121 322
121 324
121 331
121 341
121 343
121 344
122 20
122 25
122 54
122 66
122 81
122 97
122 103
122 121
122 141
122 185
122 199
122 238
122 251
122 260
122 317
122 333
122 341
123 22
123 156
123 169
124 118
124 135
124 168
125 0
125 47
125 72
125 87
125 259
125 321
126 20
126 35
126 107
126 134
126 138
126 158
126 183
126 196
126 250
126 271
126 280
126 283
126 308
126 319
126 345
127 8
127 25
127 55
127 66
127 97
127 103
127 118
127 121
127 149
127 168
127 169
127 171
127 175
127 185
127 198
127 202
127 210
127 212
127 222
127 247
127 251
127 264
127 270
127 312
127 314
127 321
127 333
128 6
128 30
128 167
128 290
128 338
128 346
129 24
129 47
129 52
129 61
129 72
129 87
129 190
129 203
129 212
129 256
129 276
129 299
129 321
129 328
129 345
130 98
130 142
130 176
130 224
130 226
130 277
131 39
131 44
131 55
131 71
131 112
131 118
131 133
131 157
131 241
131 276
131 302
131 310
131 314
131 316
131 333
132 0
132 8
132 25
132 39
132 61
132 95
132 140
132 182
132 187
132 223
132 231
132 235
132 270
132 275
132 279
132 314
132 321
133 8
133 20
133 25
133 55
133 65
133 66
133 112
133 117
133 131
133 141
133 198
133 202
133 237
133 247
133 251
133 276
133 303
133 333
134 35
134 126
134 183
134 196
134 250
134 280
134 283
134 308
134 319
135 6
135 20
135 55
135 66
135 86
135 102
135 119
135 121
135 124
135 145
135 155
135 168
135 212
135 245
135 284
135 303
135 307
135 314
135 321
135 323
135 338
136 16
136 31
136 40
136 92
136 110
136 114
136 139
136 166
136 213
136 242
136 288
136 309
136 311
136 325
136 336
137 18
138 126
138 158
138 183
138 196
138 250
138 280
138 283
138 319
139 16
139 27
139 40
139 114
139 115
139 136
139 143
139 213
139 311
139 325
140 8
140 24
140 25
140 37
140 38
140 39
140 55
140 61
140 66
140 71
140 97
140 121
140 132
140 171
140 198
140 223
140 235
140 238
140 256
140 257
140 270
140 271
140 275
140 279
140 290
140 303
140 322
141 2
141 8
141 9
141 20
141 25
141 30
141 39
141 44
141 55
141 61
141 65
141 66
141 103
141 108
141 112
141 121
141 122
141 133
141 157
141 160
141 168
141 169
141 185
141 187
141 199
141 202
141 235
141 238
141 251
141 270
141 276
141 279
141 284
141 296
141 302
141 307
141 314
141 321
141 322
141 331
141 333
141 344
142 34
142 45
142 67
142 98
142 130
142 174
142 176
142 224
142 226
142 277
142 320
143 13
143 16
143 22
143 27
143 40
143 114
143 115
143 139
143 148
143 150
143 225
143 311
143 325
143 342
144 178
145 49
145 52
145 118
145 135
145 147
145 284
145 312
145 316
145 338
146 5
146 88
146 94
146 218
146 318
147 8
147 12
147 24
147 49
147 81
147 97
147 104
147 108
147 112
147 118
147 145
147 175
147 184
147 223
147 228
147 260
147 270
147 271
147 338
148 1
148 13
148 19
148 27
148 114
148 115
148 143
148 161
148 225
148 311
148 325
148 332
148 342
149 63
149 99
149 118
149 127
149 162
149 170
149 188
149 216
149 323
149 328
150 13
150 27
150 40
150 143
150 309
150 311
151 3
151 180
151 274
151 338
152 279
153 218
154 22
154 156
155 4
155 8
155 66
155 84
155 121
155 135
155 187
155 234
155 257
155 271
155 294
156 123
156 154
157 4
157 21
157 24
157 25
157 39
157 59
157 66
157 81
157 108
157 112
157 131
157 141
157 167
157 231
157 241
157 247
157 290
157 303
157 314
157 316
157 321
157 324
157 331
157 338
158 20
158 107
158 126
158 138
158 171
158 183
158 196
158 271
158 276
158 280
158 283
158 319
158 344
159 259
160 8
160 20
160 25
160 38
160 55
160 61
160 66
160 86
160 117
160 121
160 141
160 198
160 202
160 212
160 251
160 257
160 270
160 276
160 303
160 307
160 313
160 321
160 324
160 338
161 19
161 115
161 148
161 311
161 325
161 332
161 342
162 99
162 118
162 149
162 172
162 248
163 87
163 284
164 20
164 38
164 71
164 112
164 120
164 168
164 187
164 199
164 333
164 341
165 172
165 197
165 201
166 31
166 92
166 136
166 242
166 309
166 336
167 6
167 21
167 30
167 128
167 157
167 276
167 290
167 303
167 338
167 346
168 4
168 8
168 9
168 20
168 24
168 25
168 39
168 55
168 66
168 81
168 102
168 103
168 105
168 108
168 112
168 120
168 121
168 124
168 127
168 135
168 141
168 164
168 184
168 235
168 238
168 247
168 251
168 256
168 270
168 276
168 279
168 290
168 314
168 317
168 321
168 331
168 333
169 2
169 8
169 20
169 24
169 25
169 54
169 55
169 61
169 66
169 74
169 81
169 84
169 97
169 118
169 121
169 123
169 127
169 141
169 175
169 184
169 185
169 187
169 199
169 202
169 210
169 222
169 238
169 249
169 251
169 259
169 267
169 270
169 273
169 276
169 284
169 289
169 303
169 312
169 314
169 321
169 322
169 331
169 333
169 340
169 341
170 57
170 63
170 106
170 118
170 149
170 188
170 216
171 12
171 15
171 25
171 28
171 39
171 55
171 58
171 71
171 81
171 97
171 102
171 112
171 117
171 127
171 140
171 158
171 198
171 202
171 210
171 211
171 222
171 230
171 231
171 237
171 238
171 251
171 260
171 264
171 267
171 270
171 276
171 297
171 303
171 307
171 312
171 324
171 328
171 330
171 331
171 341
172 33
172 79
172 162
172 165
172 201
173 18
173 111
173 292
174 18
174 22
174 45
174 67
174 85
174 98
174 101
174 142
174 176
174 224
174 226
174 262
174 276
174 277
174 295
174 320
175 8
175 24
175 25
175 84
175 118
175 121
175 127
175 147
175 169
175 187
175 238
175 270
175 289
176 45
176 67
176 85
176 98
176 130
176 142
176 174
176 224
176 226
176 277
177 29
177 37
177 87
177 185
177 205
177 212
177 230
177 271
177 302
177 321
177 328
177 344
178 89
178 144
179 4
179 23
179 47
179 52
179 79
179 91
179 93
179 100
179 186
179 193
179 195
179 203
179 241
179 248
179 253
179 265
179 298
179 301
179 345
180 3
180 77
180 151
180 194
180 217
180 272
180 274
180 305
180 327
181 96
181 252
182 132
183 20
183 35
183 56
183 107
183 126
183 134
183 138
183 158
183 196
183 250
183 271
183 280
183 283
183 308
183 319
183 328
183 345
184 8
184 21
184 24
184 25
184 54
184 55
184 66
184 78
184 102
184 118
184 147
184 168
184 169
184 187
184 199
184 270
184 271
184 273
184 279
184 284
184 289
184 296
184 314
184 321
184 343
185 8
185 20
185 24
185 25
185 44
185 54
185 55
185 58
185 61
185 66
185 87
185 97
185 103
185 108
185 112
185 121
185 122
185 127
185 141
185 169
185 177
185 187
185 198
185 199
185 202
185 212
185 220
185 221
185 222
185 235
185 238
185 251
185 270
185 271
185 276
185 284
185 302
185 321
185 322
185 324
185 330
185 340
185 344
186 4
186 23
186 79
186 91
186 93
186 100
186 179
186 193
186 241
186 248
186 253
186 265
186 298
186 301
186 345
187 2
187 8
187 12
187 20
187 24
187 25
187 29
187 55
187 66
187 74
187 78
187 84
187 103
187 112
187 118
187 121
187 132
187 141
187 155
187 164
187 169
187 175
187 184
187 185
187 199
187 207
187 222
187 223
187 238
187 251
187 257
187 270
187 271
187 273
187 276
187 279
187 284
187 289
187 290
187 296
187 303
187 314
187 321
187 322
187 333
187 340
187 341
188 63
188 99
188 118
188 149
188 170
188 216
189 22
189 95
189 228
190 52
190 129
191 48
191 51
191 114
191 204
192 7
192 60
192 90
192 258
193 0
193 23
193 52
193 79
193 91
193 93
193 100
193 179
193 186
193 195
193 203
193 241
193 248
193 253
193 265
193 298
193 301
193 345
194 3
194 77
194 180
194 217
194 272
194 274
194 305
194 327
195 52
195 66
195 91
195 179
195 193
195 203
195 248
195 253
195 265
195 284
195 329
195 345
196 20
196 35
196 107
196 126
196 134
196 138
196 158
196 183
196 250
196 271
196 280
196 283
196 308
196 319
196 328
197 165
198 8
198 12
198 24
198 25
198 39
198 47
198 55
198 61
198 66
198 71
198 81
198 97
198 112
198 117
198 118
198 127
198 133
198 140
198 160
198 171
198 185
198 199
198 202
198 210
198 211
198 221
198 222
198 230
198 231
198 237
198 238
198 251
198 260
198 264
198 270
198 287
198 290
198 297
198 303
198 312
198 313
198 314
198 321
198 323
198 324
198 341
199 2
199 8
199 9
199 20
199 24
199 25
199 29
199 30
199 38
199 39
199 44
199 54
199 55
199 61
199 66
199 71
199 74
199 78
199 97
199 102
199 103
199 108
199 112
199 117
199 118
199 121
199 122
199 141
199 164
199 169
199 184
199 185
199 187
199 198
199 202
199 222
199 223
199 231
199 235
199 238
199 247
199 251
199 270
199 273
199 275
199 276
199 279
199 284
199 296
199 303
199 321
199 322
199 323
199 324
199 331
199 333
200 7
200 90
200 258
201 165
201 172
201 328
202 8
202 20
202 24
202 25
202 28
202 39
202 47
202 49
202 54
202 55
202 58
202 64
202 66
202 81
202 97
202 103
202 108
202 112
202 117
202 118
202 121
202 127
202 133
202 141
202 160
202 169
202 171
202 185
202 198
202 199
202 210
202 222
202 237
202 238
202 260
202 264
202 267
202 269
202 270
202 271
202 276
202 284
202 296
202 303
202 307
202 312
202 314
202 321
202 323
202 324
202 330
202 331
202 333
202 337
202 340
202 341
203 4
203 52
203 56
203 79
203 91
203 93
203 100
203 129
203 179
203 193
203 195
203 212
203 241
203 248
203 253
203 265
203 276
203 301
203 328
203 329
203 345
204 191
205 120
205 177
205 259
206 55
206 321
207 118
207 187
207 276
207 284
207 290
207 331
208 209
209 210
210 12
210 28
210 55
210 58
210 81
210 97
210 102
210 117
210 127
210 169
210 171
210 198
210 202
210 221
210 222
210 237
210 238
210 260
210 264
210 267
210 270
210 271
210 284
210 303
210 312
210 314
210 324
210 330
210 341
211 20
211 25
211 39
211 55
211 66
211 71
211 103
211 171
211 198
211 231
211 238
211 251
211 270
211 294
211 297
211 303
211 343
212 4
212 6
212 29
212 39
212 52
212 55
212 56
212 66
212 79
212 86
212 95
212 121
212 127
212 129
212 135
212 160
212 177
212 185
212 203
212 223
212 230
212 235
212 238
212 241
212 245
212 248
212 271
212 276
212 284
212 290
212 302
212 307
212 314
212 321
212 323
212 331
212 339
212 344
213 13
213 16
213 18
213 19
213 40
213 110
213 114
213 115
213 136
213 139
213 229
213 288
213 311
213 325
213 332
213 342
214 215
215 242
216 63
216 99
216 118
216 149
216 170
216 188
216 323
217 3
217 77
217 180
217 194
217 272
217 274
217 305
217 327
218 5
218 88
218 146
218 153
218 318
219 114
219 261
219 311
220 24
220 44
220 55
220 185
220 284
220 302
220 321
221 55
221 81
221 117
221 185
221 198
221 210
221 237
221 239
221 312
221 324
222 12
222 20
222 25
222 55
222 61
222 66
222 97
222 127
222 169
222 171
222 185
222 187
222 198
222 199
222 202
222 210
222 238
222 245
222 251
222 260
222 264
222 270
222 312
222 314
222 324
222 341
223 8
223 24
223 25
223 29
223 39
223 61
223 66
223 83
223 95
223 121
223 132
223 140
223 147
223 187
223 199
223 212
223 231
223 235
223 260
223 270
223 275
223 290
223 303
223 314
223 321
223 323
223 331
224 67
224 85
224 98
224 130
224 142
224 174
224 176
224 226
224 277
225 1
225 13
225 19
225 27
225 40
225 114
225 115
225 143
225 148
225 311
225 325
225 332
225 342
226 18
226 22
226 67
226 85
226 98
226 101
226 130
226 142
226 174
226 176
226 224
226 262
226 277
226 295
227 2
227 282
228 108
228 118
228 147
228 189
228 333
229 22
229 40
229 69
229 70
229 96
229 213
229 252
229 306
230 8
230 24
230 28
230 39
230 55
230 76
230 81
230 105
230 116
230 171
230 177
230 198
230 212
230 231
230 238
230 279
230 290
230 314
230 328
230 331
231 8
231 20
231 24
231 25
231 39
231 55
231 71
231 121
231 132
231 157
231 171
231 198
231 199
231 211
231 223
231 230
231 238
231 270
231 275
231 279
231 284
231 290
231 297
231 321
232 255
233 238
234 4
234 20
234 121
234 155
235 0
235 12
235 20
235 24
235 25
235 29
235 61
235 66
235 68
235 83
235 87
235 104
235 120
235 121
235 132
235 140
235 141
235 168
235 185
235 199
235 212
235 223
235 247
235 251
235 256
235 270
235 271
235 275
235 279
235 296
235 302
235 303
235 313
235 314
235 317
235 321
236 22
236 24
236 30
236 50
236 82
236 83
237 12
237 55
237 58
237 81
237 97
237 105
237 117
237 133
237 171
237 198
237 202
237 210
237 221
237 238
237 251
237 260
237 264
237 270
237 312
237 323
237 324
237 341
238 12
238 20
238 24
238 25
238 39
238 54
238 55
238 58
238 59
238 61
238 65
238 66
238 71
238 97
238 103
238 108
238 112
238 117
238 118
238 121
238 122
238 140
238 141
238 168
238 169
238 171
238 175
238 185
238 187
238 198
238 199
238 202
238 210
238 211
238 212
238 222
238 230
238 231
238 233
238 237
238 251
238 260
238 264
238 270
238 271
238 275
238 276
238 279
238 284
238 294
238 302
238 303
238 312
238 321
238 322
238 324
238 337
238 343
239 22
239 221
240 48
241 23
241 52
241 56
241 79
241 87
241 91
241 93
241 100
241 131
241 157
241 179
241 186
241 193
241 203
241 212
241 248
241 253
241 265
241 298
241 301
241 321
241 329
241 345
242 40
242 136
242 166
242 215
242 309
242 311
242 336
243 281
244 7
244 22
244 90
244 258
245 6
245 24
245 86
245 135
245 212
245 222
245 284
245 303
245 307
245 314
245 321
245 338
245 339
246 28
246 119
247 20
247 25
247 37
247 52
247 66
247 118
247 121
247 127
247 133
247 157
247 168
247 199
247 235
247 251
247 264
247 276
247 290
247 310
247 322
247 331
248 23
248 52
248 56
248 79
248 91
248 93
248 100
248 162
248 179
248 186
248 193
248 195
248 203
248 212
248 241
248 253
248 265
248 298
248 301
248 303
248 314
248 329
248 345
249 58
249 169
249 251
249 321
250 20
250 35
250 107
250 121
250 126
250 134
250 138
250 183
250 196
250 280
250 283
250 308
250 319
251 8
251 12
251 20
251 24
251 25
251 28
251 30
251 54
251 55
251 58
251 64
251 65
251 66
251 71
251 78
251 81
251 97
251 102
251 103
251 108
251 112
251 117
251 118
251 121
251 122
251 127
251 133
251 141
251 160
251 168
251 169
251 171
251 185
251 187
251 198
251 199
251 211
251 222
251 235
251 237
251 238
251 247
251 249
251 260
251 264
251 270
251 271
251 276
251 279
251 284
251 290
251 296
251 303
251 307
251 312
251 314
251 321
251 323
251 324
251 331
251 333
251 337
251 341
251 344
252 181
252 229
253 52
253 91
253 93
253 100
253 179
253 186
253 193
253 195
253 203
253 241
253 248
253 265
253 298
253 301
253 329
253 345
254 48
255 232
256 24
256 25
256 38
256 39
256 104
256 129
256 140
256 168
256 235
256 257
256 271
256 279
256 294
256 303
256 314
256 321
256 343
257 8
257 39
257 74
257 84
257 97
257 140
257 155
257 160
257 187
257 256
257 271
257 290
257 294
257 322
258 7
258 90
258 109
258 192
258 200
258 244
258 263
259 52
259 125
259 159
259 169
259 205
259 321
259 338
260 12
260 15
260 54
260 55
260 58
260 61
260 62
260 64
260 66
260 81
260 97
260 112
260 117
260 118
260 121
260 122
260 147
260 171
260 198
260 202
260 210
260 222
260 223
260 237
260 238
260 251
260 264
260 267
260 270
260 284
260 296
260 312
260 313
260 317
260 324
260 341
260 344
261 114
261 219
261 311
262 67
262 98
262 101
262 174
262 226
262 295
263 7
263 90
263 109
263 258
264 12
264 25
264 39
264 55
264 66
264 83
264 97
264 117
264 127
264 171
264 198
264 202
264 210
264 222
264 237
264 238
264 247
264 251
264 260
264 270
264 297
264 310
264 312
264 324
264 330
264 341
265 23
265 52
265 79
265 91
265 93
265 100
265 179
265 186
265 193
265 195
265 203
265 241
265 248
265 253
265 301
265 329
265 345
266 22
267 58
267 81
267 117
267 169
267 171
267 202
267 210
267 260
267 270
267 324
268 57
268 80
268 99
268 118
268 328
269 24
269 75
269 202
270 8
270 12
270 20
270 24
270 25
270 29
270 39
270 47
270 55
270 58
270 62
270 66
270 71
270 78
270 81
270 84
270 97
270 102
270 103
270 108
270 112
270 117
270 118
270 121
270 127
270 132
270 140
270 141
270 147
270 160
270 168
270 169
270 171
270 175
270 184
270 185
270 187
270 198
270 199
270 202
270 210
270 211
270 222
270 223
270 231
270 235
270 237
270 238
270 251
270 260
270 264
270 267
270 271
270 275
270 276
270 279
270 284
270 289
270 290
270 296
270 297
270 303
270 312
270 313
270 314
270 317
270 321
270 322
270 324
270 330
270 331
270 341
271 8
271 20
271 24
271 39
271 55
271 66
271 71
271 74
271 78
271 84
271 97
271 104
271 107
271 121
271 126
271 140
271 147
271 155
271 158
271 177
271 183
271 184
271 185
271 187
271 196
271 202
271 210
271 212
271 235
271 238
271 251
271 256
271 257
271 270
271 276
271 279
271 280
271 284
271 290
271 296
271 303
271 319
271 328
271 345
272 3
272 77
272 180
272 194
272 217
272 274
272 305
272 327
273 2
273 20
273 39
273 74
273 84
273 95
273 121
273 169
273 184
273 187
273 199
273 322
273 340
274 3
274 77
274 151
274 180
274 194
274 217
274 272
274 305
274 327
275 8
275 24
275 25
275 55
275 61
275 83
275 97
275 121
275 132
275 140
275 199
275 223
275 231
275 235
275 238
275 270
275 321
276 8
276 9
276 12
276 20
276 21
276 24
276 25
276 30
276 38
276 39
276 49
276 54
276 55
276 56
276 66
276 97
276 103
276 104
276 108
276 112
276 117
276 118
276 119
276 121
276 129
276 131
276 133
276 141
276 158
276 160
276 167
276 168
276 169
276 171
276 174
276 185
276 187
276 199
276 202
276 203
276 207
276 212
276 238
276 247
276 251
276 270
276 271
276 279
276 284
276 289
276 290
276 293
276 303
276 307
276 310
276 314
276 321
276 322
276 323
276 324
276 331
276 333
276 338
276 341
277 45
277 85
277 98
277 130
277 142
277 174
277 176
277 224
277 226
278 110
279 0
279 2
279 8
279 20
279 24
279 25
279 30
279 38
279 39
279 66
279 97
279 104
279 116
279 118
279 120
279 121
279 132
279 140
279 141
279 152
279 168
279 184
279 187
279 199
279 230
279 231
279 235
279 238
279 251
279 256
279 270
279 271
279 276
279 289
279 290
279 296
279 303
279 314
279 321
279 322
279 328
279 331
280 20
280 35
280 107
280 121
280 126
280 134
280 138
280 158
280 183
280 196
280 250
280 271
280 283
280 308
280 319
281 243
282 2
282 24
282 117
282 227
283 20
283 35
283 107
283 121
283 126
283 134
283 138
283 158
283 183
283 196
283 250
283 280
283 308
283 319
283 328
284 8
284 9
284 24
284 25
284 55
284 59
284 66
284 97
284 102
284 108
284 112
284 116
284 118
284 121
284 135
284 141
284 145
284 163
284 169
284 184
284 185
284 187
284 195
284 199
284 202
284 207
284 210
284 212
284 220
284 231
284 238
284 245
284 251
284 260
284 270
284 271
284 276
284 302
284 303
284 312
284 314
284 321
284 322
284 331
284 341
284 344
285 80
286 287
287 24
287 198
287 314
288 18
288 136
288 213
289 24
289 55
289 66
289 169
289 175
289 184
289 187
289 270
289 276
289 279
289 321
289 322
289 341
290 6
290 8
290 9
290 24
290 25
290 30
290 55
290 59
290 71
290 86
290 97
290 112
290 128
290 140
290 157
290 167
290 168
290 187
290 198
290 207
290 212
290 223
290 230
290 231
290 247
290 251
290 257
290 270
290 271
290 276
290 279
290 314
290 328
290 331
290 338
291 292
292 18
292 173
293 76
293 276
294 8
294 25
294 103
294 108
294 155
294 211
294 238
294 256
294 257
295 67
295 98
295 101
295 174
295 226
295 262
296 8
296 20
296 24
296 25
296 55
296 64
296 66
296 108
296 118
296 121
296 141
296 184
296 187
296 199
296 202
296 235
296 251
296 260
296 270
296 271
296 279
296 321
296 322
296 323
297 25
297 39
297 55
297 71
297 171
297 198
297 211
297 231
297 264
297 270
298 0
298 23
298 47
298 52
298 72
298 79
298 91
298 93
298 100
298 179
298 186
298 193
298 241
298 248
298 253
298 299
298 301
298 329
298 345
299 79
299 93
299 129
299 298
299 319
299 345
300 46
300 323
301 23
301 47
301 52
301 56
301 91
301 93
301 100
301 179
301 186
301 193
301 203
301 241
301 248
301 253
301 265
301 298
301 314
301 329
301 345
302 29
302 44
302 55
302 66
302 87
302 103
302 108
302 121
302 131
302 141
302 177
302 185
302 212
302 220
302 235
302 238
302 284
302 314
302 321
302 344
303 6
303 8
303 12
303 20
303 25
303 29
303 30
303 39
303 55
303 65
303 66
303 68
303 74
303 83
303 97
303 108
303 112
303 117
303 121
303 133
303 135
303 140
303 157
303 160
303 167
303 169
303 171
303 187
303 198
303 199
303 202
303 210
303 211
303 223
303 235
303 238
303 245
303 248
303 251
303 256
303 270
303 271
303 276
303 279
303 284
303 307
303 314
303 321
303 323
303 324
303 331
303 333
303 340
303 346
304 311
305 3
305 77
305 180
305 194
305 217
305 272
305 274
305 327
306 39
306 70
306 229
307 6
307 20
307 21
307 25
307 30
307 65
307 66
307 86
307 135
307 141
307 160
307 171
307 202
307 212
307 245
307 251
307 276
307 303
307 321
307 322
307 328
307 333
307 337
308 35
308 126
308 134
308 183
308 196
308 250
308 280
308 283
308 319
309 13
309 16
309 27
309 31
309 40
309 92
309 110
309 136
309 150
309 166
309 242
309 336
310 131
310 247
310 264
310 276
310 324
310 343
311 1
311 13
311 16
311 18
311 19
311 27
311 40
311 43
311 110
311 114
311 115
311 136
311 139
311 143
311 148
311 150
311 161
311 213
311 219
311 225
311 242
311 261
311 304
311 325
311 342
312 12
312 20
312 25
312 38
312 53
312 55
312 59
312 62
312 66
312 81
312 83
312 97
312 112
312 117
312 118
312 127
312 145
312 169
312 171
312 198
312 202
312 210
312 221
312 222
312 237
312 238
312 251
312 260
312 264
312 270
312 284
312 313
312 314
312 324
312 338
312 341
313 49
313 64
313 81
313 95
313 108
313 160
313 198
313 235
313 260
313 270
313 312
313 341
314 0
314 4
314 6
314 8
314 20
314 25
314 39
314 52
314 55
314 66
314 79
314 86
314 93
314 97
314 104
314 120
314 121
314 127
314 131
314 132
314 135
314 141
314 157
314 168
314 169
314 184
314 187
314 198
314 202
314 210
314 212
314 222
314 223
314 230
314 235
314 245
314 248
314 251
314 256
314 270
314 276
314 279
314 284
314 287
314 290
314 301
314 302
314 303
314 312
314 321
314 322
314 323
314 328
314 338
314 344
315 4
316 39
316 52
316 100
316 131
316 145
316 157
317 61
317 81
317 103
317 118
317 122
317 168
317 235
317 260
317 270
317 333
318 5
318 18
318 88
318 94
318 146
318 218
318 326
319 35
319 47
319 56
319 79
319 93
319 107
319 126
319 134
319 138
319 158
319 183
319 196
319 250
319 271
319 280
319 283
319 299
319 308
319 328
319 345
320 142
320 174
321 0
321 6
321 8
321 20
321 24
321 25
321 29
321 37
321 39
321 44
321 47
321 52
321 55
321 59
321 61
321 66
321 74
321 84
321 86
321 87
321 103
321 108
321 117
321 121
321 125
321 127
321 129
321 132
321 135
321 141
321 157
321 160
321 168
321 169
321 177
321 184
321 185
321 187
321 198
321 199
321 202
321 206
321 212
321 220
321 223
321 231
321 235
321 238
321 241
321 245
321 249
321 251
321 256
321 259
321 270
321 275
321 276
321 279
321 284
321 289
321 296
321 302
321 303
321 307
321 314
321 322
321 328
321 338
321 340
321 341
321 344
322 2
322 8
322 9
322 20
322 24
322 25
322 55
322 61
322 66
322 74
322 84
322 95
322 99
322 102
322 108
322 118
322 121
322 140
322 141
322 169
322 185
322 187
322 199
322 238
322 247
322 257
322 270
322 273
322 276
322 279
322 284
322 289
322 296
322 307
322 314
322 321
322 331
322 340
323 21
323 26
323 66
323 108
323 117
323 118
323 135
323 149
323 198
323 199
323 202
323 212
323 216
323 223
323 237
323 251
323 276
323 296
323 300
323 303
323 314
323 328
323 330
323 331
323 339
324 12
324 20
324 24
324 25
324 39
324 55
324 58
324 66
324 81
324 97
324 103
324 108
324 112
324 117
324 118
324 121
324 157
324 160
324 171
324 185
324 198
324 199
324 202
324 210
324 221
324 222
324 237
324 238
324 251
324 260
324 264
324 267
324 270
324 276
324 303
324 310
324 312
324 341
325 1
325 13
325 16
325 19
325 27
325 40
325 110
325 114
325 115
325 136
325 139
325 143
325 148
325 161
325 213
325 225
325 311
325 342
326 88
326 94
326 318
327 3
327 77
327 180
327 194
327 217
327 272
327 274
327 305
328 8
328 15
328 26
328 29
328 39
328 53
328 71
328 105
328 118
328 129
328 149
328 171
328 177
328 183
328 196
328 201
328 203
328 230
328 268
328 271
328 279
328 283
328 290
328 307
328 314
328 319
328 321
328 323
328 331
329 47
329 52
329 79
329 91
329 93
329 100
329 195
329 203
329 241
329 248
329 253
329 265
329 298
329 301
329 345
330 15
330 24
330 29
330 49
330 55
330 72
330 81
330 97
330 108
330 117
330 118
330 171
330 185
330 202
330 210
330 264
330 270
330 323
330 331
331 9
331 12
331 15
331 20
331 24
331 25
331 37
331 39
331 47
331 52
331 55
331 66
331 76
331 97
331 103
331 105
331 108
331 118
331 121
331 141
331 157
331 168
331 169
331 171
331 199
331 202
331 207
331 212
331 223
331 230
331 247
331 251
331 270
331 276
331 279
331 284
331 290
331 303
331 322
331 323
331 328
331 330
332 1
332 19
332 148
332 161
332 213
332 225
332 342
333 8
333 20
333 25
333 39
333 49
333 55
333 65
333 66
333 112
333 122
333 127
333 131
333 133
333 141
333 164
333 168
333 169
333 187
333 199
333 202
333 228
333 251
333 276
333 303
333 307
333 317
333 338
334 335
335 24
335 87
336 31
336 40
336 92
336 110
336 136
336 166
336 242
336 309
337 28
337 30
337 202
337 238
337 251
337 307
338 6
338 21
338 30
338 37
338 64
338 86
338 102
338 118
338 128
338 135
338 145
338 147
338 151
338 157
338 160
338 167
338 245
338 259
338 276
338 290
338 312
338 314
338 321
338 333
338 339
338 346
339 6
339 212
339 245
339 323
339 338
340 8
340 55
340 61
340 169
340 185
340 187
340 202
340 273
340 303
340 321
340 322
341 8
341 12
341 20
341 55
341 58
341 62
341 66
341 97
341 112
341 117
341 118
341 121
341 122
341 164
341 169
341 171
341 187
341 198
341 202
341 210
341 222
341 237
341 251
341 260
341 264
341 270
341 276
341 284
341 289
341 312
341 313
341 321
341 324
342 1
342 13
342 18
342 19
342 40
342 43
342 110
342 114
342 115
342 143
342 148
342 161
342 213
342 225
342 311
342 325
342 332
343 66
343 103
343 121
343 184
343 211
343 238
343 256
343 310
344 20
344 44
344 66
344 121
344 141
344 158
344 177
344 185
344 212
344 251
344 260
344 284
344 302
344 314
344 321
345 0
345 23
345 52
345 56
345 79
345 91
345 93
345 100
345 126
345 129
345 179
345 183
345 186
345 193
345 195
345 203
345 241
345 248
345 253
345 265
345 271
345 298
345 299
345 301
345 319
345 329
346 6
346 21
346 128
346 167
346 303
346 338